
1. Reading automaton...
Alphabet: a b c
Initial states: 0
Terminal states: 21
Transition table:
  /   |   *   | a  | b  | c  
------+-------+----+----+----
 → 0  |  1 10 |    |    |    
  1   |  6 2  |    |    |    
  10  | 11 15 |    |    |    
  11  | 12 14 |    |    |    
  12  |       | 13 |    |    
  13  | 12 14 |    |    |    
  14  |   17  |    |    |    
  15  |       |    | 16 |    
  16  |   17  |    |    |    
  17  | 20 18 |    |    |    
  18  |       |    |    | 19 
  19  | 20 18 |    |    |    
  2   |  3 5  |    |    |    
  20  |   21  |    |    |    
 ← 21 |       |    |    |    
  3   |       |    | 4  |    
  4   |  3 5  |    |    |    
  5   |   8   |    |    |    
  6   |       | 7  |    |    
  7   |   8   |    |    |    
  8   |       |    |    | 9  
  9   |   21  |    |    |    

2. Determinizing and completing automaton...
Alphabet: a b c
Initial states: 0,1,10,11,12,14,15,17,18,2,20,21,3,5,6,8
Terminal states: 0,1,10,11,12,14,15,17,18,2,20,21,3,5,6,8 12,13,14 12,13,14,17,18,20,7,8 16,17,18,20,3,4,5,8 18,19,20 18,19,20,21 18,19,20,21,9 21,9
Transition table:
                      /                      |           a           |          b          |       c       
---------------------------------------------+-----------------------+---------------------+---------------
 ←→ 0,1,10,11,12,14,15,17,18,2,20,21,3,5,6,8 | 12,13,14,17,18,20,7,8 | 16,17,18,20,3,4,5,8 | 18,19,20,21,9 
                  ← 12,13,14                 |        12,13,14       |          X          |  18,19,20,21  
           ← 12,13,14,17,18,20,7,8           |        12,13,14       |          X          | 18,19,20,21,9 
            ← 16,17,18,20,3,4,5,8            |           X           |        3,4,5        | 18,19,20,21,9 
                  ← 18,19,20                 |           X           |          X          |    18,19,20   
                ← 18,19,20,21                |           X           |          X          |    18,19,20   
               ← 18,19,20,21,9               |           X           |          X          |    18,19,20   
                    ← 21,9                   |           X           |          X          |       X       
                    3,4,5                    |           X           |        3,4,5        |      21,9     
                      X                      |           X           |          X          |       X       

3. Minimizing automaton...
Alphabet: a b c
Initial states: 0,1,10,11,12,14,15,17,18,2,20,21,3,5,6,8
Terminal states: 0,1,10,11,12,14,15,17,18,2,20,21,3,5,6,8 12,13,14+12,13,14,17,18,20,7,8 16,17,18,20,3,4,5,8 18,19,20+18,19,20,21+18,19,20,21,9 21,9
Transition table:
                      /                      |               a                |          b          |                 c                  
---------------------------------------------+--------------------------------+---------------------+------------------------------------
 ←→ 0,1,10,11,12,14,15,17,18,2,20,21,3,5,6,8 | 12,13,14+12,13,14,17,18,20,7,8 | 16,17,18,20,3,4,5,8 | 18,19,20+18,19,20,21+18,19,20,21,9 
       ← 12,13,14+12,13,14,17,18,20,7,8      | 12,13,14+12,13,14,17,18,20,7,8 |          X          | 18,19,20+18,19,20,21+18,19,20,21,9 
            ← 16,17,18,20,3,4,5,8            |               X                |        3,4,5        | 18,19,20+18,19,20,21+18,19,20,21,9 
     ← 18,19,20+18,19,20,21+18,19,20,21,9    |               X                |          X          | 18,19,20+18,19,20,21+18,19,20,21,9 
                    ← 21,9                   |               X                |          X          |                 X                  
                    3,4,5                    |               X                |        3,4,5        |                21,9                
                      X                      |               X                |          X          |                 X                  

4. Starting word recognition...
This step was skipped in this output file.
Execute the program to test word recognition by yourself.

5. Creating an automaton which recognizes the complementary language...
Alphabet: a b c
Initial states: 0,1,10,11,12,14,15,17,18,2,20,21,3,5,6,8
Terminal states: 3,4,5 X
Transition table:
                     /                      |               a                |          b          |                 c                  
--------------------------------------------+--------------------------------+---------------------+------------------------------------
 → 0,1,10,11,12,14,15,17,18,2,20,21,3,5,6,8 | 12,13,14+12,13,14,17,18,20,7,8 | 16,17,18,20,3,4,5,8 | 18,19,20+18,19,20,21+18,19,20,21,9 
       12,13,14+12,13,14,17,18,20,7,8       | 12,13,14+12,13,14,17,18,20,7,8 |          X          | 18,19,20+18,19,20,21+18,19,20,21,9 
            16,17,18,20,3,4,5,8             |               X                |        3,4,5        | 18,19,20+18,19,20,21+18,19,20,21,9 
     18,19,20+18,19,20,21+18,19,20,21,9     |               X                |          X          | 18,19,20+18,19,20,21+18,19,20,21,9 
                    21,9                    |               X                |          X          |                 X                  
                  ← 3,4,5                   |               X                |        3,4,5        |                21,9                
                    ← X                     |               X                |          X          |                 X                  

6. Starting word recognition...
This step was skipped in this output file.
Execute the program to test word recognition by yourself.

7. Standardizing automaton...
Alphabet: a b c
Initial states: 0,1,10,11,12,14,15,17,18,2,20,21,3,5,6,8
Terminal states: 3,4,5 X
Transition table:
                     /                      |               a                |          b          |                 c                  
--------------------------------------------+--------------------------------+---------------------+------------------------------------
 → 0,1,10,11,12,14,15,17,18,2,20,21,3,5,6,8 | 12,13,14+12,13,14,17,18,20,7,8 | 16,17,18,20,3,4,5,8 | 18,19,20+18,19,20,21+18,19,20,21,9 
       12,13,14+12,13,14,17,18,20,7,8       | 12,13,14+12,13,14,17,18,20,7,8 |          X          | 18,19,20+18,19,20,21+18,19,20,21,9 
            16,17,18,20,3,4,5,8             |               X                |        3,4,5        | 18,19,20+18,19,20,21+18,19,20,21,9 
     18,19,20+18,19,20,21+18,19,20,21,9     |               X                |          X          | 18,19,20+18,19,20,21+18,19,20,21,9 
                    21,9                    |               X                |          X          |                 X                  
                  ← 3,4,5                   |               X                |        3,4,5        |                21,9                
                    ← X                     |               X                |          X          |                 X                  

8. Starting word recognition...
This step was skipped in this output file.
Execute the program to test word recognition by yourself.
